clc; clear all; close all;

points_a1 = [
    2234, 1581, 1;% 1
    1875, 1925, 1;% 2
    1550, 2353, 1;% 3
    1115, 2933, 1;% 4
    1260, 3446, 1;% 5
    1422, 3910, 1;% 6
    2423, 3876, 1;% 7
    2589, 3406, 1;% 8
    2870, 1911, 1;% 9
    2699, 1589, 1% 10
    ];

points_a2_1 = [
     888, 1225, 1;% 1
     693, 1689, 1;% 2
     557, 2243, 1;% 3
     375, 2992, 1;% 4
     745, 3369, 1;% 5
     1084, 3666, 1;% 6
     1889, 3129, 1;% 7
     1864, 2688, 1;% 8
     1573, 1325, 1;% 9
     1311, 1081, 1% 10
    ];

points_a2_3 = [
      1765, 795, 1;% 1
      1704, 1147, 1;% 2
      2666, 889, 1;% 3
      2546, 1122, 1;% 4
      2174, 1972, 1;% 5
      2387, 2653, 1;% 6
      1840, 2278, 1;% 7
      1809, 1704, 1;% 8
      1694, 1340, 1;% 9
      2234, 798, 1% 10
    ];

points_a3 = [
       186, 1144, 1;% 1
       294, 1496, 1;% 2
       1068, 918, 1;% 3
       1069, 1161, 1;% 4
       1133, 2046, 1;% 5
       1603, 2538, 1;% 6
       974, 2482, 1;% 7
       545, 1755, 1;% 8
       377, 1680, 1;% 9
       643, 980, 1% 10
    ];

points_b1 = [
        1794, 2743, 1;% 1
        1795, 2399, 1;% 2
        1836, 1980, 1;% 3
        2008, 2094, 1;% 4
        2180, 2120, 1;% 5
        2211, 2150, 1;% 6
        2353, 1984, 1;% 7
        2393, 2964, 1;% 8
        2418, 3000, 1;% 9
        1758, 2985, 1% 10
    ];

points_b3 = [
         136, 2913, 1;% 1
         154, 2535, 1;% 2
         222, 2071, 1;% 3
         416, 2199, 1;% 4
         603, 2229, 1;% 5
         634, 2259, 1;% 6
         785, 2093, 1;% 7
         786, 3077, 1;% 8
         818, 3108, 1;% 9
         79, 3189, 1% 10
    ];

points_c1 = [
          1814, 1713, 1;% 1
          1458, 2296, 1;% 2
          1684, 2613, 1;% 3
          1884, 2803, 1;% 4
          2495, 1957, 1;% 5
          2538, 2396, 1;% 6
          2966, 2919, 1;% 7
          1889, 3348, 1;% 9
          2190, 3332, 1% 10
    ];

points_c2_1 = [
           808, 1565, 1;% 1
           207, 2050, 1;% 2
           494, 2464, 1;% 3
           802, 2700, 1;% 4
           1513, 2041, 1;% 5
           1520, 2429, 1;% 6
           1894, 2921, 1;% 7
           762, 3240, 1;% 9
           1128, 3230, 1% 10
    ];

points_c2_3 = [
            1180, 2021, 1;% 1
            1824, 1999, 1;% 2
            2451, 2011, 1;% 3
            1149, 2693, 1;% 4
            1873, 2669, 1;% 5
            2515, 2404, 1;% 6
            2223, 2661, 1;% 7
            2685, 3187, 1;% 8
            2290, 3198, 1;% 9
            1520, 3220, 1% 10
    ];

points_c3 = [
             1165, 2370, 1;% 1
             1591, 2495, 1;% 2
             1882, 2613, 1;% 3
             1165, 3020, 1;% 4
             1640, 3080, 1;% 5
             1923, 2926, 1;% 6
             1826, 3105, 1;% 7
             2062, 3533, 1;% 8
             1876, 3534, 1;% 9
             1444, 3536, 1% 10
    ];

save('features.mat');
